frame: 640 480
distortion5: -0.651213 33.396629 0.026552 0.015758 -492.232574
projection: 866.013916 866.812683 319.500000 239.500000 0.100000 5000.000000 4.255086 25.562042
pos: 2.297262 -6.862419 -18.372803
ang: -0.147571 -0.060496 -0.028403 0.986791
