frame: 1280 800
distortion5: 0.732514 -22.932915 0.006136 0.018539 275.238037
projection: 1140.728271 1145.076050 639.500000 399.500000 0.100000 5000.000000 5.540788 31.595318
pos: -0.001009 -5.978608 -16.835819
ang: -0.191019 0.063037 0.021228 0.979330
