frame: 640 480
distortion5: -0.582974 20.192698 0.031624 0.023321 -584.309509
projection: 757.273865 804.712891 319.500000 239.500000 0.100000 5000.000000 4.441999 37.824142
pos: 1.496234 -11.447300 -20.412479
ang: -0.244591 -0.023609 0.000607 0.969339
