frame: 640 360
distortion5: 0.017388 -0.002820 0.064534 0.021077 -0.140348
projection: 510.036133 532.550415 319.500000 239.500000 0.100000 5000.000000 5.540788 31.595318
pos: 0.238596 13.382649 -7.624324
ang: 0.442520 0.021596 0.061093 0.894414
