frame: 640 480
distortion5: 0.017388 -0.002820 -0.044092 0.057659 -0.140348
projection: 510.036133 532.550415 319.500000 239.500000 0.100000 5000.000000 4.255086 25.562042
pos: 1.317165 10.604979 -4.884521
ang: 0.522864 0.015941 -0.034116 0.851584
