frame: 640 480
distortion5: 0.017388 -0.002820 -0.036001 0.012328 -0.140348
projection: 510.036133 532.550415 319.500000 239.500000 0.100000 5000.000000 4.441999 37.824142
pos: -1.733257 12.930176 -7.824382
ang: 0.429018 0.054654 0.140433 0.890637
