frame: 1280 800
distortion5: 0.365092 -26.078730 0.011962 0.007293 437.190430
projection: 1137.729614 1151.139648 639.500000 399.500000 0.100000 5000.000000 5.540788 31.595318
pos: 2.257465 -6.078474 -16.860870
ang: -0.177909 -0.027674 -0.010934 0.983597
