frame: 640 480
distortion5: 0.383233 -4.891524 -0.005292 -0.000511 -27.402849
projection: 826.945129 826.357422 319.500000 239.500000 0.100000 5000.000000 4.255086 25.562042
pos: 0.610512 0.018507 -13.227028
ang: -0.022803 0.025631 0.082692 0.995984
