frame: 1280 800
distortion5: -0.015680 2.358787 -0.001764 -0.000988 -10.899975
projection: 1101.977905 1103.615967 639.500000 399.500000 0.100000 5000.000000 5.540788 31.595318
pos: 0.352170 3.208334 -13.389719
ang: 0.076302 -0.020920 0.031640 0.996363
