frame: 640 480
distortion5: 0.056757 0.699564 -0.001052 0.003774 -4.661283
projection: 631.157104 632.960571 319.500000 239.500000 0.100000 5000.000000 4.441999 37.824142
pos: -0.921322 1.301453 -15.043675
ang: 0.014361 0.011337 -0.013320 0.999744
