ms: 7
pos: 740.555664 -331.296295 ang: -1.515299
pos: -460.741486 -299.616638 ang: -1.728566
pos: 587.728699 -340.708740 ang: -1.742987
pos: -654.981506 -250.758026 ang: -2.126962
pos: -534.541260 -240.169876 ang: -2.171510
pos: 885.912842 -332.039948 ang: -1.226576
pos: 976.166382 -339.340027 ang: -1.570796
