mv: 4
pos: -96.584938 0.000000 -11.175600 t: -4.430192 0.000000 20.726971
pos: -56.787594 0.000000 42.409340 t: -16.538414 0.000000 -1.967124
pos: 0.698635 0.000000 0.116247 t: 4.073942 0.000000 -19.060232
pos: -40.072601 0.000000 -52.308929 t: 17.373104 0.000000 7.502022
