mv: 6
pos: -737.766296 0.000000 52.400101 t: 5.365039 0.000000 14.615108
pos: -696.070862 0.000000 74.312737 t: -6.995494 0.000000 14.198780
pos: -641.158142 0.000000 45.732426 t: -15.193871 0.000000 4.558160
pos: -649.380737 0.000000 -14.095566 t: -17.207031 0.000000 -8.852895
pos: -696.392029 0.000000 -31.338081 t: 1.836878 0.000000 -19.036871
pos: -737.496277 0.000000 -7.895794 t: 12.528711 0.000000 -8.352480
