frame: 640 480
distortion5: 0.706355 -11.111350 0.016192 0.000532 58.026325
projection: 800.735535 802.347961 319.500000 239.500000 0.100000 5000.000000 4.255086 25.562042
pos: -798.293091 239.605362 -50.277546
ang: 0.665725 0.238348 -0.238348 0.665725
