frame: 640 480
distortion5: 0.706355 -11.111350 0.016192 0.000532 58.026325
projection: 800.735535 802.347961 319.500000 239.500000 0.100000 5000.000000 4.255086 25.562042
pos: 543.533691 239.605362 -400.113037
ang: 0.594308 0.383143 -0.383143 0.594308
