frame: 640 480
distortion5: 0.706355 -11.111350 0.016192 0.000532 58.026325
projection: 800.735535 802.347961 319.500000 239.500000 0.100000 5000.000000 4.255086 25.562042
pos: -432.916443 239.605362 -204.976227
ang: 0.670136 0.225649 -0.225649 0.670136
