frame: 640 480
distortion5: 0.706355 -11.111350 0.016192 0.000532 58.026325
projection: 800.735535 802.347961 319.500000 239.500000 0.100000 5000.000000 4.255086 25.562042
pos: 358.608948 239.605362 26.806717
ang: 0.666949 0.234903 -0.234903 0.666949
