frame: 640 480
distortion5: 0.706355 -11.111350 0.016192 0.000532 58.026325
projection: 800.735535 802.347961 319.500000 239.500000 0.100000 5000.000000 4.255086 25.562042
pos: 598.257751 239.605362 -342.557800
ang: 0.671468 0.221655 -0.221655 0.671468
