frame: 1280 800
distortion5: 0.365092 -26.078730 0.011962 0.007293 437.190430
projection: 1137.729614 1151.139648 639.500000 399.500000 0.100000 5000.000000 5.540788 31.595318
pos: 117.072777 193.052261 113.604416
ang: -0.491825 -0.502104 0.518427 -0.487062
