frame: 640 480
distortion5: -0.249301 5.356260 0.014874 -0.005788 -22.924841
projection: 614.123230 613.535156 319.500000 239.500000 0.100000 5000.000000 4.441999 37.824142
pos: 222.054840 245.986618 77.099159
ang: -0.489226 -0.487040 0.527234 -0.542914
