frame: 640 480
distortion5: 0.017388 -0.002820 -0.044092 0.057659 -0.140348
projection: 510.036133 532.550415 319.500000 239.500000 0.100000 5000.000000 0.100000 5000.000000
pos: -0.417453 13.087815 1.378394
ang: 0.741091 0.012092 0.021413 0.670955
