frame: 640 360
distortion5: 0.017388 -0.002820 0.064534 0.021077 -0.140348
projection: 510.036133 532.550415 319.500000 239.500000 0.100000 5000.000000 0.100000 5000.000000
pos: -0.698479 16.055410 4.443813
ang: 0.713859 -0.090553 0.036882 0.693430
