frame: 640 480
distortion5: 0.017388 -0.002820 -0.036001 0.012328 -0.140348
projection: 510.036133 532.550415 319.500000 239.500000 0.100000 5000.000000 0.100000 5000.000000
pos: 0.000000 5.000000 0.000000
ang: 0.500000 0.000000 0.000000 0.500000
